arr = [11 , 22, 33, 44, 55, 66, 77, 88, 99 ]
=> [11, 22, 33, 44, 55, 66, 77, 88, 99]
arr.fetch(7)
=> 88
arr.at(7)
=> 88

arr.delete(99)
=> 99
irb(main):006:0> puts arr
11
22
33
44
55
66
77
88

arr.reverse
=> [88, 77, 66, 55, 44, 33, 22, 11]

arr.length
=> 8

arr = [22, 33, 44, 55, 11, 2 , 3 , 5]
arr.sort
=> [2, 3, 5, 11, 22, 33, 44, 55]

[2, 3, 5, 11, 22, 33, 44, 55]
irb(main):013:0> arr.slice(2) + arr.slice(4)
=> 27

arr.shuffle
=> [11, 5, 22, 33, 55, 2, 3, 44]

arr.join
=> "2351122334455"

arr.insert(5, 77)
=> [2, 3, 5, 11, 22, 77, 33, 44, 55]